2671.82	
2672.18	
2672.38	
2673.03	
2673.23	
2673.38	
2673.58	
2673.68	
2674.38	
2674.68	
2674.88	
2675.13	
2675.44	
2675.54	
2675.68	
2675.99	
2676.33	
2676.48	
2676.58	
2676.63	
2676.73	
2676.88	
2676.99	
2677.03	
2677.38	
2677.73	
2679.49	
2679.74	
2679.99	
2681.55	
2681.6	
2682.4	
2683	
2683.3	
2683.5	
2683.7	
2683.8	
2684.4	
2684.95	
2685.45	
2685.6	
2685.85	
2686.1	
2686.2	
2686.3	
2686.7	
2686.8	
2686.9	
2687.55	
2687.6	
2687.7	
2688.11	
2688.31	
2688.41	
2688.66	
2688.81	
2688.96	
2689.46	
2689.86	
2690.36	
2690.51	
2691.61	
2692.16	
2693.02	
2693.82	
2693.97	
2694.12	
2694.27	
2694.32	
2694.52	
2694.82	
2695.22	
2695.57	
2695.72	
2696.13	
2696.18	
2696.37	
2696.47	
2696.67	
2696.72	
2696.77	
2696.82	
2696.87	
2696.92	
2696.97	
2697.07	
2697.18	
2697.22	
2697.28	
2697.32	
2697.38	
2697.42	
2697.47	
2697.53	
2697.58	
2697.63	
2697.68	
2697.73	
2697.78	
2697.82	
2697.88	
2697.98	
2698.03	
2698.08	
2698.13	
2698.18	
2698.23	
2698.28	
2698.33	
2698.38	
2698.48	
2698.53	
2698.58	
2698.63	
2698.68	
2698.73	
2698.78	
2698.83	
2698.88	
2698.93	
2698.98	
2699.03	
2699.08	
2699.13	
2699.23	
2699.28	
2699.33	
2699.38	
2699.43	
2699.48	
2699.53	
2699.58	
2699.63	
2699.68	
2699.73	
2699.78	
2699.83	
2699.88	
2699.93	
2699.98	
2700.03	
2700.08	
2700.13	
2700.18	
2700.23	
2700.28	
2700.33	
2700.38	
2700.43	
2700.48	
2700.53	
2700.58	
2700.63	
2700.68	
2700.73	
2700.78	
2700.83	
2700.88	
2700.93	
2700.98	
2701.03	
2701.08	
2701.13	
2701.18	
2701.24	
2701.29	
2701.33	
2701.38	
2701.43	
2701.49	
2701.53	
2701.58	
2701.63	
2701.68	
2701.73	
2701.78	
2701.83	
2701.89	
2701.93	
2701.98	
2702.03	
2702.08	
2702.13	
2702.18	
2702.23	
2702.28	
2702.34	
2702.38	
2702.43	
2702.48	
2702.53	
2702.58	
2702.64	
2702.68	
2702.74	
2702.79	
2702.84	
2702.89	
2702.93	
2702.99	
2703.04	
2703.09	
2703.13	
2703.19	
2703.24	
2703.29	
2703.34	
2703.39	
2703.44	
2703.49	
2703.54	
2703.59	
2703.64	
2703.69	
2703.74	
2703.79	
2703.84	
2703.89	
2703.94	
2703.99	
2704.04	
2704.09	
2704.14	
2704.19	
2704.24	
2704.29	
2704.34	
2704.39	
2704.44	
2704.49	
2704.54	
2704.59	
2704.64	
2704.69	
2704.74	
2704.79	
2704.84	
2704.89	
2704.94	
2704.99	
2705.04	
2705.09	
2705.14	
2705.19	
2705.24	
2705.29	
2705.34	
2705.39	
2705.44	
2705.49	
2705.54	
2705.59	
2705.64	
2705.69	
2705.74	
2705.79	
2705.84	
2705.89	
2705.94	
2705.99	
2706.04	
2706.09	
2706.14	
2706.19	
2706.24	
2706.29	
2706.35	
2706.4	
2706.44	
2706.49	
2706.54	
2706.59	
2706.64	
2706.69	
2706.74	
2706.79	
2706.84	
2706.89	
2706.94	
2706.99	
2707.04	
2707.09	
2707.14	
2707.19	
2707.24	
2707.29	
2707.34	
2707.39	
2707.45	
2707.49	
2707.54	
2707.59	
2707.64	
2707.69	
2707.74	
2707.79	
2707.85	
2707.9	
2707.94	
2708	
2708.05	
2708.09	
2708.14	
2708.19	
2708.25	
2708.3	
2708.35	
2708.4	
2708.45	
2708.5	
2708.55	
2708.6	
2708.65	
2708.7	
2708.75	
2708.8	
2708.85	
2708.9	
2708.95	
2709	
2709.05	
2709.1	
2709.15	
2709.2	
2709.25	
2709.3	
2709.35	
2709.4	
2709.45	
2709.5	
2709.55	
2709.6	
2709.65	
2709.7	
2709.75	
2709.8	
2709.85	
2709.9	
2709.95	
2710	
2710.05	
2710.1	
2710.15	
2710.2	
2710.25	
2710.3	
2710.35	
2710.4	
2710.45	
2710.5	
2710.55	
2710.6	
2710.65	
2710.7	
2710.75	
2710.8	
2710.85	
2710.9	
2710.95	
2711	
2711.05	
2711.1	
2711.15	
2711.2	
2711.25	
2711.3	
2711.35	
2711.4	
2711.46	
2711.51	
2711.55	
2711.6	
2711.65	
2711.7	
2711.75	
2711.8	
2711.85	
2711.9	
2711.95	
2712	
2712.05	
2712.1	
2712.15	
2712.2	
2712.25	
2712.3	
2712.35	
2712.4	
2712.45	
2712.5	
2712.55	
2712.61	
2712.65	
2712.7	
2712.75	
2712.8	
2712.86	
2712.9	
2712.96	
2713.01	
2713.06	
2713.11	
2713.16	
2713.2	
2713.25	
2713.3	
2713.35	
2713.4	
2713.46	
2713.51	
2713.56	
2713.61	
2713.66	
2713.71	
2713.76	
2713.81	
2713.86	
2713.91	
2713.96	
2714.01	
2714.06	
2714.11	
2714.16	
2714.21	
2714.26	
2714.31	
2714.36	
2714.41	
2714.46	
2714.51	
2714.56	
2714.61	
2714.66	
2714.71	
2714.76	
2714.81	
2714.86	
2714.91	
2714.96	
2715.01	
2715.06	
2715.11	
2715.16	
2715.21	
2715.26	
2715.31	
2715.36	
2715.41	
2715.46	
2715.51	
2715.56	
2715.61	
2715.66	
2715.71	
2715.76	
2715.81	
2715.86	
2715.91	
2715.96	
2716.01	
2716.06	
2716.11	
2716.16	
2716.21	
2716.26	
2716.31	
2716.36	
2716.41	
2716.46	
2716.51	
2716.57	
2716.62	
2716.66	
2716.71	
2716.77	
2716.82	
2716.87	
2716.92	
2716.97	
2717.02	
2717.07	
2717.12	
2717.17	
2717.22	
2717.27	
2717.32	
2717.37	
2717.42	
2717.47	
2717.52	
2717.57	
2717.62	
2717.67	
2717.72	
2717.77	
2717.82	
2717.87	
2717.92	
2717.97	
2718.02	
2718.07	
2718.12	
2718.17	
2718.22	
2718.27	
2718.32	
2718.37	
2718.42	
2718.47	
2718.52	
2718.57	
2718.62	
2718.67	
2718.72	
2718.77	
2718.82	
2718.87	
2718.92	
2718.97	
2719.02	
2719.07	
2719.12	
2719.17	
2719.22	
2719.27	
2719.32	
2719.37	
2719.42	
2719.47	
2719.52	
2719.57	
2719.62	
2719.67	
2719.72	
2719.77	
2719.82	
2719.87	
2719.92	
2719.97	
2720.02	
2720.08	
2720.12	
2720.17	
2720.22	
2720.27	
2720.32	
2720.37	
2720.42	
2720.47	
2720.52	
2720.57	
2720.62	
2720.67	
2720.72	
2720.77	
2720.82	
2720.88	
2720.92	
2720.97	
2721.02	
2721.08	
2721.13	
2721.17	
2721.22	
2721.28	
2721.32	
2721.37	
2721.43	
2721.48	
2721.53	
2721.58	
2721.63	
2721.68	
2721.73	
2721.78	
2721.83	
2721.88	
2721.93	
2721.98	
2722.03	
2722.08	
2722.13	
2722.18	
2722.23	
2722.28	
2722.33	
2722.38	
2722.43	
2722.48	
2722.53	
2722.58	
2722.63	
2722.68	
2722.73	
2722.78	
2722.83	
2722.88	
2722.93	
2722.98	
2723.03	
2723.08	
2723.13	
2723.18	
2723.23	
2723.28	
2723.33	
2723.38	
2723.43	
2723.48	
2723.53	
2723.58	
2723.63	
2723.68	
2723.73	
2723.78	
2723.83	
2723.88	
2723.93	
2723.98	
2724.03	
2724.08	
2724.13	
2724.18	
2724.23	
2724.28	
2724.33	
2724.38	
2724.43	
2724.48	
2724.53	
2724.58	
2724.63	
2724.68	
2724.73	
2724.78	
2724.83	
2724.88	
2724.93	
2724.98	
2725.03	
2725.08	
2725.13	
2725.18	
2725.23	
2725.28	
2725.33	
2725.38	
2725.43	
2725.48	
2725.53	
2725.58	
2725.63	
2725.78	
2725.83	
2725.88	
2725.93	
2725.98	
2726.03	
2726.08	
2726.13	
2726.18	
2726.23	
2726.28	
2726.34	
2726.38	
2726.43	
2726.48	
2726.53	
2726.58	
2726.63	
2726.69	
2726.74	
2726.78	
2726.83	
2726.88	
2726.94	
2726.99	
2727.04	
2727.09	
2727.14	
2727.19	
2727.24	
2727.29	
2727.34	
2727.38	
2727.44	
2727.49	
2727.54	
2727.59	
2727.64	
2727.69	
2727.74	
2727.79	
2727.84	
2727.89	
2727.94	
2727.99	
2728.04	
2728.09	
2728.14	
2728.19	
2728.24	
2728.29	
2728.34	
2728.39	
2728.44	
2728.49	
2728.54	
2728.59	
2728.64	
2728.69	
2728.74	
2728.79	
2728.84	
2728.89	
2728.95	
2728.99	
2729.04	
2729.09	
2729.14	
2729.19	
2729.24	
2729.29	
2729.34	
2729.39	
2729.44	
2729.49	
2729.54	
2729.59	
2729.64	
2729.69	
2729.74	
2729.79	
2729.84	
2729.89	
2729.94	
2729.99	
2730.04	
2730.09	
2730.14	
2730.19	
2730.24	
2730.29	
2730.34	
2730.39	
2730.44	
2730.49	
2730.54	
2730.59	
2730.64	
2730.69	
2730.74	
2730.79	
2730.84	
2730.89	
2730.94	
2730.99	
2731.04	
2731.09	
2731.14	
2731.19	
2731.24	
2731.29	
2731.34	
2731.39	
2731.44	
2731.49	
2731.54	
2731.59	
2731.64	
2731.69	
2731.74	
2731.79	
2731.84	
2731.89	
2731.94	
2731.99	
2732.05	
2732.09	
2732.15	
2732.19	
2732.25	
2732.29	
2732.35	
2732.4	
2732.45	
2732.5	
2732.55	
2732.6	
2732.65	
2732.7	
2732.75	
2732.8	
2732.85	
2732.9	
2732.95	
2733	
2733.05	
2733.1	
2733.15	
2733.2	
2733.25	
2733.3	
2733.35	
2733.4	
2733.45	
2733.5	
2733.55	
2733.6	
2733.65	
2733.7	
2733.75	
2733.8	
2733.85	
2733.9	
2733.95	
2734	
2734.05	
2734.1	
2734.15	
2734.2	
2734.25	
2734.3	
2734.35	
2734.4	
2734.45	
2734.5	
2734.55	
2734.61	
2734.65	
2734.7	
2734.76	
2734.81	
2734.85	
2734.9	
2734.95	
2735	
2735.05	
2735.1	
2735.16	
2735.2	
2735.25	
2735.3	
2735.35	
2735.41	
2735.46	
2735.51	
2735.56	
2735.61	
2735.66	
2735.71	
2735.76	
2735.81	
2735.86	
2735.91	
2735.96	
2736.01	
2736.06	
2736.11	
2736.16	
2736.21	
2736.26	
2736.31	
2736.36	
2736.41	
2736.46	
2736.51	
2736.56	
2736.61	
2736.66	
2736.71	
2736.76	
2736.81	
2736.86	
2736.91	
2736.96	
2737.01	
2737.06	
2737.11	
2737.16	
2737.21	
2737.26	
2737.31	
2737.36	
2737.41	
2737.46	
2737.51	
2737.56	
2737.61	
2737.66	
2737.71	
2737.76	
2737.81	
2737.86	
2737.91	
2737.96	
2738.01	
2738.06	
2738.11	
2738.16	
2738.21	
2738.26	
2738.31	
2738.36	
2738.41	
2738.46	
2738.51	
2738.56	
2738.61	
2738.66	
2738.71	
2738.76	
2738.81	
2738.86	
2738.91	
2738.96	
2739.01	
2739.06	
2739.11	
2739.16	
2739.21	
2739.26	
2739.31	
2739.36	
2739.41	
2739.46	
2739.51	
2739.56	
2739.61	
2739.66	
2739.71	
2739.76	
2739.81	
2739.86	
2739.91	
2739.96	
2740.01	
2740.06	
2740.11	
2740.16	
2740.21	
2740.26	
2740.31	
2740.36	
2740.41	
2740.46	
2740.51	
2740.56	
2740.61	
2740.66	
2740.71	
2740.76	
2740.81	
2740.86	
2740.91	
2740.97	
2741.01	
2741.06	
2741.11	
2741.16	
2741.21	
2741.26	
2741.31	
2741.36	
2741.41	
2741.46	
2741.52	
2741.56	
2741.61	
2741.66	
2741.71	
2741.77	
2741.81	
2741.87	
2741.92	
2741.97	
2742.02	
2742.07	
2742.12	
2742.17	
2742.22	
2742.27	
2742.32	
2742.37	
2742.42	
2742.47	
2742.52	
2742.57	
2742.62	
2742.67	
2742.72	
2742.77	
2742.82	
2742.87	
2742.92	
2742.97	
2743.02	
2743.07	
2743.12	
2743.17	
2743.22	
2743.27	
2743.32	
2743.37	
2743.42	
2743.47	
2743.52	
2743.57	
2743.62	
2743.67	
2743.72	
2743.77	
2743.82	
2743.87	
2743.92	
2743.97	
2744.02	
2744.07	
2744.12	
2744.17	
2744.22	
2744.27	
2744.32	
2744.37	
2744.42	
2744.47	
2744.52	
2744.57	
2744.62	
2744.67	
2744.72	
2744.77	
2744.82	
2744.87	
2744.92	
2744.97	
2745.02	
2745.07	
2745.12	
2745.17	
2745.22	
2745.27	
2745.32	
2745.37	
2745.42	
2745.47	
2745.52	
2745.57	
2745.62	
2745.67	
2745.72	
2745.77	
2745.82	
2745.87	
2745.92	
2745.97	
2746.02	
2746.07	
2746.12	
2746.17	
2746.22	
2746.27	
2746.32	
2746.38	
2746.43	
2746.47	
2746.53	
2746.57	
2746.62	
2746.68	
2746.73	
2746.77	
2746.82	
2746.88	
2746.93	
2746.98	
2747.03	
2747.08	
2747.13	
2747.18	
2747.23	
2747.28	
2747.33	
2747.38	
2747.43	
2747.48	
2747.53	
2747.58	
2747.63	
2747.68	
2747.73	
2747.78	
2747.83	
2747.88	
2747.93	
2747.98	
2748.03	
2748.08	
2748.13	
2748.18	
2748.23	
2748.28	
2748.33	
2748.38	
2748.43	
2748.48	
2748.53	
2748.58	
2748.63	
2748.68	
2748.73	
2748.78	
2748.83	
2748.88	
2748.93	
2748.98	
2749.03	
2749.08	
2749.13	
2749.18	
2749.23	
2749.28	
2749.33	
2749.38	
2749.43	
2749.48	
2749.53	
2749.58	
2749.63	
2749.68	
2749.73	
2749.78	
2749.83	
2749.88	
2749.93	
2749.98	
2750.03	
2750.08	
2750.13	
2750.18	
2750.23	
2750.28	
2750.33	
2750.38	
2750.43	
2750.48	
2750.53	
2750.58	
2750.63	
2750.68	
2750.73	
2750.78	
2750.83	
2750.89	
2750.94	
2750.99	
2751.04	
2751.08	
2751.13	
2751.18	
2751.23	
2751.28	
2751.33	
2751.38	
2751.43	
2751.48	
2751.53	
2751.59	
2751.64	
2751.69	
2751.73	
2751.79	
2751.84	
2751.89	
2751.94	
2751.99	
2752.04	
2752.09	
2752.14	
2752.19	
2752.24	
2752.29	
2752.34	
2752.39	
2752.44	
2752.49	
2752.54	
2752.59	
2752.64	
2752.69	
2752.74	
2752.79	
2752.84	
2752.89	
2752.94	
2752.99	
2753.04	
2753.09	
2753.14	
2753.19	
2753.24	
2753.29	
2753.34	
2753.39	
2753.44	
2753.49	
2753.54	
2753.59	
2753.64	
2753.69	
2753.74	
2753.79	
2753.84	
2753.89	
2753.94	
2753.99	
2754.04	
2754.09	
2754.14	
2754.19	
2754.24	
2754.29	
2754.34	
2754.39	
2754.44	
2754.49	
2754.54	
2754.59	
2754.64	
2754.69	
2754.74	
2754.79	
2754.84	
2754.89	
2754.94	
2754.99	
2755.04	
2755.09	
2755.14	
2755.19	
2755.24	
2755.29	
2755.34	
2755.39	
2755.44	
2755.49	
2755.54	
2755.59	
2755.64	
2755.69	
2755.74	
2755.79	
2755.84	
2755.9	
2755.94	
2756	
2756.04	
2756.09	
2756.14	
2756.19	
2756.25	
2756.29	
2756.34	
2756.39	
2756.44	
2756.5	
2756.54	
2756.6	
2756.65	
2756.7	
2756.75	
2756.8	
2756.85	
2756.9	
2756.95	
2757	
2757.05	
2757.1	
2757.15	
2757.2	
2757.25	
2757.3	
2757.35	
2757.4	
2757.45	
2757.5	
2757.55	
2757.6	
2757.65	
2757.7	
2757.75	
2757.8	
2757.85	
2757.9	
2757.95	
2758	
2758.05	
2758.1	
2758.15	
2758.2	
2758.25	
2758.3	
2758.35	
2758.4	
2758.45	
2758.5	
2758.55	
2758.6	
2758.65	
2758.7	
2758.75	
2758.8	
2758.85	
2758.9	
2758.95	
2759	
2759.05	
2759.1	
2759.15	
2759.2	
2759.25	
2759.3	
2759.35	
2759.4	
2759.45	
2759.5	
2759.55	
2759.6	
2759.65	
2759.7	
2759.75	
2759.8	
2759.85	
2759.9	
2759.95	
2760	
2760.05	
2760.1	
2760.15	
2760.2	
2760.25	
2760.3	
2760.35	
2760.4	
2760.45	
2760.5	
2760.55	
2760.6	
2760.65	
2760.7	
2760.75	
2760.8	
2760.85	
2760.9	
2760.95	
2761	
2761.05	
2761.1	
2761.15	
2761.21	
2761.26	
2761.31	
2761.36	
2761.41	
2761.46	
2761.51	
2761.56	
2761.61	
2761.66	
2761.71	
2761.76	
2761.81	
2761.86	
2761.91	
2761.96	
2762.01	
2762.06	
2762.11	
2762.36	
2762.41	
2762.46	
2762.51	
2762.56	
2762.61	
2762.67	
2762.71	
2762.76	
2762.81	
2762.87	
2762.92	
2762.96	
2763.01	
2763.06	
2763.11	
2763.16	
2763.21	
2763.26	
2763.31	
2763.36	
2763.41	
2763.46	
2763.51	
2763.56	
2763.61	
2763.66	
2763.71	
2763.76	
2763.81	
2763.86	
2763.91	
2763.96	
2764.01	
2764.06	
2764.11	
2764.16	
2764.21	
2764.26	
2764.31	
2764.37	
2764.42	
2764.47	
2764.51	
2764.56	
2764.62	
2764.66	
2764.71	
2764.77	
2764.81	
2764.87	
2764.91	
2764.97	
2765.02	
2765.07	
2765.12	
2765.17	
2765.22	
2765.27	
2765.32	
2765.37	
2765.42	
2765.47	
2765.52	
2765.57	
2765.62	
2765.67	
2765.72	
2765.77	
2765.82	
2765.87	
2765.92	
2765.97	
2766.02	
2766.07	
2766.12	
2766.17	
2766.22	
2766.27	
2766.32	
2766.37	
2766.42	
2766.47	
2766.52	
2766.57	
2766.62	
2766.67	
2766.72	
2766.77	
2766.82	
2766.87	
2766.92	
2766.97	
2767.02	
2767.07	
2767.12	
2767.17	
2767.22	
2767.27	
2767.32	
2767.37	
2767.42	
2767.47	
2767.52	
2767.57	
2767.62	
2767.67	
2767.72	
2767.77	
2767.82	
2767.88	
2767.92	
2767.98	
2768.03	
2768.08	
2768.12	
2768.17	
2768.22	
2768.27	
2768.33	
2768.38	
2768.42	
2768.47	
2768.53	
2768.57	
2768.62	
2768.68	
2768.73	
2768.78	
2768.82	
2768.88	
2768.92	
2768.98	
2769.03	
2769.08	
2769.13	
2769.18	
2769.23	
2769.28	
2769.32	
2769.37	
2769.42	
2769.47	
2769.52	
2769.57	
2769.62	
2769.67	
2769.73	
2769.78	
2769.82	
2769.87	
2769.93	
2769.98	
2770.03	
2770.08	
2770.13	
2770.18	
2770.23	
2770.28	
2770.33	
2770.38	
2770.43	
2770.48	
2770.53	
2770.58	
2770.63	
2770.68	
2770.73	
2770.78	
2770.83	
2770.88	
2770.93	
2770.98	
2771.03	
2771.08	
2771.13	
2771.18	
2771.23	
2771.28	
2771.33	
2771.38	
2771.43	
2771.48	
2771.53	
2771.58	
2771.63	
2771.68	
2771.73	
2771.78	
2771.83	
2771.88	
2771.93	
2771.98	
2772.03	
2772.08	
2772.13	
2772.18	
2772.23	
2772.28	
2772.33	
2772.38	
2772.43	
2772.48	
2772.53	
2772.58	
2772.63	
2772.68	
2772.73	
2772.78	
2772.83	
2772.88	
2772.93	
2772.98	
2773.03	
2773.09	
2773.14	
2773.18	
2773.23	
2773.28	
2773.33	
2773.38	
2773.43	
2773.48	
2773.53	
2773.58	
2773.63	
2773.68	
2773.73	
2773.78	
2773.83	
2773.88	
2773.93	
2773.99	
2774.03	
2774.08	
2774.13	
2774.19	
2774.23	
2774.29	
2774.33	
2774.38	
2774.44	
2774.49	
2774.53	
2774.58	
2774.63	
2774.69	
2774.73	
2774.78	
2774.83	
2774.89	
2774.93	
2774.99	
2775.04	
2775.09	
2775.14	
2775.19	
2775.24	
2775.29	
2775.34	
2775.39	
2775.44	
2775.49	
2775.54	
2775.59	
2775.64	
2775.69	
2775.74	
2775.79	
2775.84	
2775.89	
2775.94	
2775.99	
2776.04	
2776.09	
2776.14	
2776.19	
2776.24	
2776.29	
2776.34	
2776.39	
2776.44	
2776.49	
2776.54	
2776.59	
2776.64	
2776.69	
2776.74	
2776.79	
2776.84	
2776.89	
2776.94	
2776.99	
2777.04	
2777.09	
2777.14	
2777.19	
2777.24	
2777.29	
2777.34	
2777.39	
2777.44	
2777.49	
2777.54	
2777.59	
2777.64	
2777.69	
2777.74	
2777.79	
2777.84	
2777.89	
2777.94	
2777.99	
2778.04	
2778.09	
2778.14	
2778.2	
2778.25	
2778.29	
2778.34	
2778.39	
2778.44	
2778.49	
2778.54	
2778.59	
2778.64	
2778.69	
2778.74	
2778.79	
2778.85	
2778.89	
2778.94	
2778.99	
2779.05	
2779.09	
2779.14	
2779.19	
2779.24	
2779.29	
2779.34	
2779.39	
2779.44	
2779.49	
2779.55	
2779.59	
2779.65	
2779.7	
2779.75	
2779.8	
2779.85	
2779.9	
2779.95	
2780	
2780.05	
2780.1	
2780.15	
2780.2	
2780.25	
2780.3	
2780.35	
2780.4	
2780.45	
2780.5	
2780.55	
2780.6	
2780.65	
2780.7	
2780.75	
2780.8	
2780.85	
2780.9	
2780.95	
2781	
2781.05	
2781.1	
2781.15	
2781.2	
2781.25	
2781.3	
2781.35	
2781.4	
2781.45	
2781.5	
2781.55	
2781.6	
2781.65	
2781.7	
2781.75	
2781.8	
2781.85	
2781.9	
2781.95	
2782	
2782.05	
2782.1	
2782.15	
2782.2	
2782.25	
2782.3	
2782.35	
2782.4	
2782.45	
2782.5	
2782.55	
2782.6	
2782.65	
2782.7	
2782.75	
2782.8	
2782.85	
2782.9	
2782.95	
2783	
2783.05	
2783.1	
2783.15	
2783.2	
2783.25	
2783.31	
2783.36	
2783.4	
2783.45	
2783.5	
2783.55	
2783.6	
2783.65	
2783.7	
2783.75	
2783.8	
2783.85	
2783.9	
2783.95	
2784	
2784.05	
2784.1	
2784.15	
2784.2	
2784.25	
2784.3	
2784.35	
2784.41	
2784.46	
2784.5	
2784.56	
2784.6	
2784.65	
2784.7	
2784.76	
2784.81	
2784.86	
2784.91	
2784.96	
2785.01	
2785.06	
2785.11	
2785.16	
2785.21	
2785.26	
2785.31	
2785.36	
2785.41	
2785.46	
2785.51	
2785.56	
2785.61	
2785.66	
2785.71	
2785.76	
2785.81	
2785.86	
2785.91	
2785.96	
2786.01	
2786.06	
2786.11	
2786.16	
2786.21	
2786.26	
2786.31	
2786.36	
2786.41	
2786.46	
2786.51	
2786.56	
2786.61	
2786.66	
2786.71	
2786.76	
2786.81	
2786.86	
2786.91	
2786.96	
2787.01	
2787.06	
2787.11	
2787.16	
2787.21	
2787.26	
2787.31	
2787.36	
2787.41	
2787.46	
2787.51	
2787.56	
2787.61	
2787.66	
2787.71	
2787.76	
2787.81	
2787.86	
2787.91	
2787.96	
2788.01	
2788.06	
2788.11	
2788.16	
2788.21	
2788.26	
2788.31	
2788.36	
2788.42	
2788.47	
2788.52	
2788.57	
2788.61	
2788.66	
2788.71	
2788.76	
2788.81	
2788.87	
2788.91	
2788.96	
2789.01	
2789.06	
2789.11	
2789.16	
2789.21	
2789.26	
2789.31	
2789.37	
2789.42	
2789.47	
2789.52	
2789.57	
2789.62	
2789.67	
2789.72	
2789.77	
2789.82	
2789.87	
2789.92	
2789.97	
2790.02	
2790.07	
2790.12	
2790.17	
2790.22	
2790.27	
2790.32	
2790.37	
2790.42	
2790.47	
2790.52	
2790.57	
2790.62	
2790.67	
2790.72	
2790.77	
2790.82	
2790.87	
2790.92	
2790.97	
2791.02	
2791.07	
2791.12	
2791.17	
2791.22	
2791.27	
2791.32	
2791.37	
2791.42	
2791.47	
2791.52	
2791.57	
2791.62	
2791.67	
2791.72	
2791.77	
2791.82	
2791.87	
2791.92	
2791.97	
2792.02	
2792.07	
2792.12	
2792.17	
2792.22	
2792.27	
2792.32	
2792.37	
2792.42	
2792.47	
2792.52	
2792.57	
2792.62	
2792.67	
2792.72	
2792.77	
2792.82	
2792.87	
2792.92	
2792.97	
2793.02	
2793.07	
2793.12	
2793.17	
2793.22	
2793.27	
2793.32	
2793.37	
2793.43	
2793.48	
2793.53	
2793.58	
2793.63	
2793.68	
2793.72	
2793.77	
2793.82	
2793.87	
2793.92	
2793.98	
2794.03	
2794.08	
2794.12	
2794.17	
2794.22	
2794.28	
2794.33	
2794.38	
2794.43	
2794.48	
2794.53	
2794.58	
2794.63	
2794.68	
2794.73	
2794.78	
2794.83	
2794.88	
2794.93	
2794.98	
2795.03	
2795.08	
2795.13	
2795.18	
2795.23	
2795.28	
2795.33	
2795.38	
2795.43	
2795.48	
2795.53	
2795.58	
2795.63	
2795.68	
2795.73	
2795.78	
2795.83	
2795.88	
2795.93	
2795.98	
2796.03	
2796.08	
2796.13	
2796.18	
2796.23	
2796.28	
2796.33	
2796.38	
2796.43	
2796.48	
2796.53	
2796.58	
2796.63	
2796.68	
2796.73	
2796.78	
2796.83	
2796.88	
2796.93	
2796.98	
2797.03	
2797.08	
2797.13	
2797.18	
2797.23	
2797.28	
2797.33	
2797.38	
2797.43	
2797.48	
2797.53	
2797.58	
2797.63	
2797.68	
2797.73	
2797.78	
2797.83	
2797.88	
2797.93	
2797.98	
2798.03	
2798.08	
2798.14	
2798.18	
2798.23	
2798.29	
2798.33	
2798.38	
2798.43	
2798.48	
2798.53	
2798.58	
2798.63	
2798.69	
2798.74	
2798.78	
2798.83	
2798.88	
2798.93	
2798.98	
2799.03	
2799.08	
2799.13	
2799.18	
2799.23	
2799.28	
2799.33	
2799.39	
2799.44	
2799.49	
2799.54	
2799.59	
2799.64	
2799.69	
2799.74	
2799.79	
2799.84	
2799.89	
2799.94	
2799.99	
2800.04	
2800.09	
2800.14	
2800.19	
2800.24	
2800.29	
2800.34	
2800.39	
2800.44	
2800.49	
2800.54	
2800.59	
2800.64	
2800.69	
2800.74	
2800.79	
2800.84	
2800.89	
2800.94	
2800.99	
2801.04	
2801.09	
2801.14	
2801.19	
2801.24	
2801.29	
2801.34	
2801.39	
2801.44	
2801.49	
2801.54	
2801.59	
2801.64	
2801.69	
2801.74	
2801.79	
2801.84	
2801.89	
2801.94	
2801.99	
2802.04	
2802.09	
2802.14	
2802.19	
2802.24	
2802.29	
2802.34	
2802.39	
2802.44	
2802.49	
2802.54	
2802.59	
2802.64	
2802.69	
2802.74	
2802.79	
2802.84	
2802.89	
2802.94	
2802.99	
2803.04	
2803.1	
2803.14	
2803.19	
2803.25	
2803.29	
2803.34	
2803.39	
2803.44	
2803.49	
2803.54	
2803.6	
2803.64	
2803.69	
2803.74	
2803.8	
2803.85	
2803.89	
2803.94	
2804	
2804.04	
2804.09	
2804.15	
2804.2	
2804.25	
2804.3	
2804.35	
2804.4	
2804.45	
2804.5	
2804.54	
2804.6	
2804.65	
2804.7	
2804.74	
2804.8	
2804.85	
2804.9	
2804.95	
2805	
2805.05	
2805.1	
2805.15	
2805.2	
2805.25	
2805.3	
2805.35	
2805.4	
2805.45	
2805.5	
2805.55	
2805.6	
2805.65	
2805.7	
2805.75	
2805.8	
2805.85	
2805.9	
2805.95	
2806	
2806.05	
2806.1	
2806.15	
2806.2	
2806.25	
2806.3	
2806.35	
2806.4	
2806.45	
2806.5	
2806.55	
2806.6	
2806.65	
2806.7	
2806.75	
2806.8	
2806.85	
2806.9	
2806.95	
2807	
2807.05	
2807.1	
2807.15	
2807.2	
2807.25	
2807.3	
2807.35	
2807.4	
2807.45	
2807.5	
2807.55	
2807.6	
2807.65	
2807.7	
2807.75	
2807.81	
2807.85	
2807.9	
2807.95	
2808	
2808.05	
2808.1	
2808.15	
2808.2	
2808.25	
2808.3	
2808.35	
2808.4	
2808.45	
2808.51	
2808.55	
2808.6	
2808.65	
2808.71	
2808.75	
2808.8	
2808.86	
2808.91	
2808.96	
2809	
2809.05	
2809.1	
2809.15	
2809.2	
2809.26	
2809.31	
2809.36	
2809.41	
2809.46	
2809.51	
2809.56	
2809.61	
2809.66	
2809.71	
2809.76	
2809.81	
2809.86	
2809.91	
2809.96	
2810.01	
2810.06	
2810.11	
2810.16	
2810.21	
2810.26	
2810.31	
2810.36	
2810.41	
2810.46	
2810.51	
2810.56	
2810.61	
2810.66	
2810.71	
2810.76	
2810.81	
2810.86	
2810.91	
2810.96	
2811.01	
2811.06	
2811.11	
2811.16	
2811.21	
2811.26	
2811.31	
2811.36	
2811.41	
2811.46	
2811.51	
2811.56	
2811.61	
2811.66	
2811.71	
2811.76	
2811.81	
2811.86	
2811.91	
2811.96	
2812.01	
2812.06	
2812.11	
2812.16	
2812.21	
2812.26	
2812.31	
2812.36	
2812.42	
2812.46	
2812.51	
2812.56	
2812.61	
2812.66	
2812.72	
2812.76	
2812.81	
2812.86	
2812.91	
2812.96	
2813.01	
2813.06	
2813.11	
2813.16	
2813.21	
2813.26	
2813.31	
2813.36	
2813.42	
2813.46	
2813.52	
2813.56	
2813.62	
2813.67	
2813.72	
2813.77	
2813.82	
2813.86	
2813.91	
2813.97	
2814.02	
2814.07	
2814.12	
2814.16	
2814.21	
2814.26	
2814.32	
2814.37	
2814.41	
2814.47	
2814.52	
2814.57	
2814.62	
2814.67	
2814.72	
2814.77	
2814.82	
2814.87	
2814.92	
2814.97	
2815.02	
2815.07	
2815.12	
2815.17	
2815.22	
2815.27	
2815.32	
2815.37	
2815.42	
2815.47	
2815.52	
2815.57	
2815.62	
2815.67	
2815.72	
2815.77	
2815.82	
2815.87	
2815.92	
2815.97	
2816.02	
2816.07	
2816.12	
2816.17	
2816.22	
2816.27	
2816.32	
2816.37	
2816.42	
2816.47	
2816.52	
2816.57	
2816.62	
2816.67	
2816.72	
2816.77	
2816.82	
2816.87	
2816.92	
2816.97	
2817.02	
2817.07	
2817.12	
2817.17	
2817.22	
2817.27	
2817.32	
2817.37	
2817.42	
2817.47	
2817.52	
2817.57	
2817.62	
2817.67	
2817.72	
2817.77	
2817.82	
2817.87	
2817.92	
2817.97	
2818.02	
2818.08	
2818.12	
2818.17	
2818.23	
2818.28	
2818.33	
2818.38	
2818.42	
2818.48	
2818.53	
2818.58	
2818.63	
2818.68	
2818.72	
2818.77	
2818.82	
2818.87	
2818.92	
2818.97	
2819.03	
2819.08	
2819.13	
2819.18	
2819.22	
2819.27	
2819.32	
2819.37	
2819.42	
2819.47	
2819.52	
2819.57	
2819.62	
2819.67	
2819.72	
2819.78	
2819.83	
2819.88	
2819.93	
2819.98	
2820.03	
2820.08	
2820.13	
2820.18	
2820.23	
2820.28	
2820.33	
2820.38	
2820.43	
2820.48	
2820.53	
2820.58	
2820.63	
2820.68	
2820.73	
2820.78	
2820.83	
2820.88	
2820.93	
2820.98	
2821.03	
2821.08	
2821.13	
2821.18	
2821.23	
2821.28	
